3.03574 1.05815 2.00027
0.0493681 2.98838 -0.08674
0.940981 1.98437 3.93778
1.00903 2.00082 1.93902
-0.0814071 3.96326 2.91867
1.10046 0.00992896 0.925109
2.07076 1.03793 0.966629
2.93899 2.04125 4.00629
2.06544 0.0301481 1.95875
3.07508 2.07415 0.00876758
4.00603 2.08615 2.04179
2.94962 4.05682 2.02206
3.06976 1.06637 1.00089
1.9166 4.02015 2.98718
0.883572 3.98348 3.95231
1.91128 3.01237 3.9793
0.0334114 -0.0349639 2.88962
1.10578 1.01771 -0.0670092
0.980323 3.00037 1.94628
0.0727538 0.981041 0.898116
-0.000612103 -0.0431885 3.889
2.10478 1.04615 -0.0327523
0.917595 3.9917 2.95292
2.01867 4.04482 -0.0109632
1.99739 0.0136989 3.95751
1.88257 4.01192 3.98656
3.06444 0.0585918 1.993
3.00171 1.04992 2.99965
2.9156 4.04859 3.02144
0.883572 3.98348 3.95231
2.09946 0.0383727 0.959366
2.94962 4.05682 2.02206
0.969686 0.984811 3.93052
4.13149 0.103485 0.0284984
3.97733 3.0857 2.04905
1.00903 2.00082 1.93902
2.00803 2.02926 1.97327
1.10578 1.01771 -0.0670092
1.10578 1.01771 -0.0670092
3.88058 4.06881 4.05508
-0.0133601 3.97971 0.919905
2.04205 2.03748 0.973892
0.99839 -0.0147448 3.92325
2.04205 2.03748 0.973892
2.01335 3.03704 0.981155
0.00470678 0.964592 2.89688
3.9146 4.07703 3.0557
0.940981 1.98437 3.93778
3.01767 4.07326 0.0232936
3.04637 3.07371 0.0160306
-0.0133601 3.97971 0.919905
3.04637 3.07371 0.0160306
1.07176 1.00948 0.932373
-0.0814071 3.96326 2.91867
4.01135 3.09393 1.04967
0.0493681 2.98838 -0.08674
3.88058 4.06881 4.05508
4.04006 2.09437 1.04241
3.03574 1.05815 2.00027
-0.0133601 3.97971 0.919905
2.03673 1.0297 1.96601
3.06444 0.0585918 1.993
4.00072 1.07837 3.03391
-0.0473836 3.97148 1.91929
-0.0527025 2.9637 2.91141
3.01235 3.06548 1.01541
2.98365 4.06504 1.02268
3.94331 3.07748 3.04843
3.01235 3.06548 1.01541
-0.0814071 3.96326 2.91867
2.91028 3.04081 4.01356
2.04205 2.03748 0.973892
4.04538 3.10215 0.0502875
2.99639 0.0421426 3.99177
1.99739 0.0136989 3.95751
-0.000612103 -0.0431885 3.889
3.96669 1.07014 4.03329
1.93998 2.01281 3.97204
2.07608 2.04571 -0.0254893
4.01135 3.09393 1.04967
1.91128 3.01237 3.9793
3.00171 1.04992 2.99965
0.0440492 1.9806 0.905379
0.101458 -0.0185147 0.890853
1.03241 -0.0065202 2.92387
0.101458 -0.0185147 0.890853
4.03474 1.08659 2.03452
0.0153445 2.98015 0.912642
1.91128 3.01237 3.9793
1.93998 2.01281 3.97204
0.0387303 0.972817 1.8975
4.01667 4.10171 0.0575505
3.00171 1.04992 2.99965
1.10578 1.01771 -0.0670092
3.01767 4.07326 0.0232936
2.98365 4.06504 1.02268
3.96669 1.07014 4.03329
2.9443 3.04904 3.01418
0.101458 -0.0185147 0.890853
1.01967 4.01638 -0.0452201
-0.0133601 3.97971 0.919905
2.03673 1.0297 1.96601
-0.0293167 0.956368 3.89626
3.00703 2.0577 2.00753
2.93899 2.04125 4.00629
4.10279 1.10304 0.0357614
2.04205 2.03748 0.973892
0.980323 3.00037 1.94628
0.99839 -0.0147448 3.92325
3.96669 1.07014 4.03329
4.10279 1.10304 0.0357614
2.03142 0.0219235 2.95813
1.99739 0.0136989 3.95751
2.99639 0.0421426 3.99177
1.98464 4.0366 0.988418
0.99839 -0.0147448 3.92325
2.00803 2.02926 1.97327
0.135482 -0.0102902 -0.108529
2.01867 4.04482 -0.0109632
1.9453 3.02059 2.97992
2.99639 0.0421426 3.99177
-0.0133601 3.97971 0.919905
4.03474 1.08659 2.03452
-0.115431 3.95504 3.91805
3.9146 4.07703 3.0557
1.13448 0.0181535 -0.0742722
-0.0580214 1.95592 3.90352
4.04538 3.10215 0.0502875
0.940981 1.98437 3.93778
2.96769 1.0417 3.99903
0.883572 3.98348 3.95231
2.04205 2.03748 0.973892
4.03474 1.08659 2.03452
2.91028 3.04081 4.01356
1.9453 3.02059 2.97992
3.00171 1.04992 2.99965
2.9443 3.04904 3.01418
2.9443 3.04904 3.01418
-0.0473836 3.97148 1.91929
0.912276 2.98392 3.94504
0.00470678 0.964592 2.89688
2.01867 4.04482 -0.0109632
2.9443 3.04904 3.01418
1.97933 3.02882 1.98054
1.06644 0.00170438 1.92449
1.03241 -0.0065202 2.92387
1.98464 4.0366 0.988418
-0.0133601 3.97971 0.919905
-0.0814071 3.96326 2.91867
2.03142 0.0219235 2.95813
0.940981 1.98437 3.93778
1.9166 4.02015 2.98718
3.97201 2.07792 3.04117
3.09847 0.0668164 0.993623
1.91128 3.01237 3.9793
0.99839 -0.0147448 3.92325
4.07408 2.1026 0.0430244
1.88257 4.01192 3.98656
4.01667 4.10171 0.0575505
4.04538 3.10215 0.0502875
2.03142 0.0219235 2.95813
0.883572 3.98348 3.95231
1.97933 3.02882 1.98054
-0.086726 2.95548 3.91079
4.06344 0.0870355 2.02726
-0.0293167 0.956368 3.89626
1.04305 2.00904 0.939636
2.06544 0.0301481 1.95875
3.06976 1.06637 1.00089
4.13149 0.103485 0.0284984
